32
64 10 7 59 54 74 37 5 2 17 87 39 34 32 36 86 19 69 98 89 59 14 61 18 12 19 15 47 7 7 44 4 
31 67 37 27 81 20 36 40 32 37 50 71 22 63 64 11 19 32 78 14 66 86 96 48 98 20 31 78 62 38 60 92 
82 94 15 62 64 54 52 46 8 51 59 1 32 45 61 57 76 41 65 66 54 82 51 93 91 32 27 26 33 99 64 99 
28 61 97 21 17 47 1 81 83 80 50 59 39 51 87 85 16 26 6 46 23 4 48 57 56 86 67 53 12 19 100 69 
47 45 6 23 43 68 68 28 42 89 14 51 10 14 43 36 39 28 98 66 82 24 98 43 39 58 75 74 80 69 12 11 
90 44 96 36 77 98 77 92 23 98 37 97 98 37 38 84 4 90 68 44 54 25 73 10 13 18 98 35 75 23 25 95 
100 66 48 56 40 15 48 55 43 7 63 21 25 87 77 18 40 50 11 46 71 26 33 85 60 39 83 90 74 86 78 51 
16 22 38 57 50 73 62 75 23 72 9 69 66 20 29 33 44 33 50 93 75 35 45 14 26 83 51 56 8 36 100 19 
95 100 29 60 82 77 34 54 16 48 20 93 67 94 99 44 26 42 28 4 19 90 98 73 51 36 30 50 12 37 8 98 
20 58 96 73 84 86 91 51 12 80 5 27 46 39 24 67 90 72 12 19 47 7 78 58 47 79 29 51 35 26 15 5 
25 3 25 94 13 47 52 93 100 66 81 58 3 41 98 84 68 58 31 57 87 9 61 61 44 54 12 31 36 64 42 63 
11 60 92 60 67 8 84 44 34 36 37 78 19 32 10 95 90 85 3 67 37 68 15 97 36 47 38 70 42 8 38 38 
45 10 100 16 12 13 11 85 6 56 67 21 77 73 24 51 21 15 46 75 29 43 9 63 34 62 39 59 81 68 57 49 
97 42 66 5 26 48 48 61 92 94 10 51 82 18 3 83 38 42 1 21 54 24 68 73 59 81 38 2 39 57 42 33 
56 11 63 44 90 29 49 38 52 4 90 72 97 16 86 10 75 3 57 14 84 2 4 20 74 70 17 91 25 99 36 28 
76 36 45 98 82 69 11 9 98 36 73 54 44 100 69 48 29 52 43 55 93 60 31 72 8 61 10 33 96 1 17 15 
63 92 48 24 59 27 47 9 53 73 51 64 58 43 2 96 92 42 7 12 59 82 6 11 74 50 58 20 99 38 89 69 
67 4 43 21 90 48 23 8 24 92 4 96 93 29 89 89 68 22 87 73 88 86 56 100 63 67 39 4 100 14 7 68 
13 44 4 21 43 18 70 88 84 14 27 38 6 41 13 45 19 20 14 20 94 44 45 66 49 43 37 37 57 68 88 41 
72 94 47 42 32 46 17 68 42 7 75 2 50 97 4 44 75 66 77 15 50 96 80 23 40 65 21 23 60 52 66 82 
9 23 47 57 56 19 76 91 32 92 70 44 45 21 12 21 81 55 26 49 77 7 13 50 46 66 51 16 44 43 49 23 
67 26 20 58 92 3 16 62 67 74 42 83 63 44 47 69 72 74 7 29 1 68 22 5 19 79 6 3 80 91 43 65 
22 1 26 84 79 76 11 67 44 69 93 84 13 31 41 70 14 33 58 57 68 86 56 48 47 79 30 35 67 18 83 62 
49 33 28 25 72 20 82 99 67 47 51 55 49 39 80 96 92 79 89 17 76 62 81 12 2 76 72 98 59 92 5 60 
83 89 70 28 26 45 35 31 52 93 18 95 5 7 76 3 4 89 3 100 83 43 11 4 1 35 50 17 99 4 75 24 
44 43 55 94 6 65 16 59 75 59 12 38 12 75 43 60 70 80 94 48 34 62 13 41 90 47 91 58 25 7 70 27 
44 41 24 4 10 73 12 16 69 46 99 94 13 100 41 79 99 37 62 45 39 5 18 54 73 69 84 54 29 19 90 21 
42 97 23 93 20 49 27 92 19 64 98 11 64 24 23 55 57 80 32 52 3 43 84 43 95 24 30 39 49 13 91 19 
69 97 60 83 50 49 8 81 20 25 84 63 80 95 100 12 50 32 18 1 90 61 7 28 13 1 64 99 94 11 1 31 
84 44 36 32 6 79 9 62 77 59 25 23 48 26 58 25 16 15 33 80 94 33 92 11 24 23 30 25 85 3 7 30 
68 97 53 35 96 66 41 62 100 29 4 72 79 19 30 45 53 36 88 68 21 42 64 88 54 93 6 1 75 7 53 63 
1 46 77 91 6 19 44 90 99 61 92 75 52 52 54 87 53 75 28 36 20 43 37 34 94 44 66 25 48 80 50 94 
64 10 7 59 54 74 37 5 2 17 87 39 34 32 36 86 19 69 98 89 59 14 61 18 12 19 15 47 7 7 44 4 
31 67 37 27 81 20 36 40 32 37 50 71 22 63 64 11 19 32 78 14 66 86 96 48 98 20 31 78 62 38 60 92 
82 94 15 62 64 54 52 46 8 51 59 1 32 45 61 57 76 41 65 66 54 82 51 93 91 32 27 26 33 99 64 99 
28 61 97 21 17 47 1 81 83 80 50 59 39 51 87 85 16 26 6 46 23 4 48 57 56 86 67 53 12 19 100 69 
47 45 6 23 43 68 68 28 42 89 14 51 10 14 43 36 39 28 98 66 82 24 98 43 39 58 75 74 80 69 12 11 
90 44 96 36 77 98 77 92 23 98 37 97 98 37 38 84 4 90 68 44 54 25 73 10 13 18 98 35 75 23 25 95 
100 66 48 56 40 15 48 55 43 7 63 21 25 87 77 18 40 50 11 46 71 26 33 85 60 39 83 90 74 86 78 51 
16 22 38 57 50 73 62 75 23 72 9 69 66 20 29 33 44 33 50 93 75 35 45 14 26 83 51 56 8 36 100 19 
95 100 29 60 82 77 34 54 16 48 20 93 67 94 99 44 26 42 28 4 19 90 98 73 51 36 30 50 12 37 8 98 
20 58 96 73 84 86 91 51 12 80 5 27 46 39 24 67 90 72 12 19 47 7 78 58 47 79 29 51 35 26 15 5 
25 3 25 94 13 47 52 93 100 66 81 58 3 41 98 84 68 58 31 57 87 9 61 61 44 54 12 31 36 64 42 63 
11 60 92 60 67 8 84 44 34 36 37 78 19 32 10 95 90 85 3 67 37 68 15 97 36 47 38 70 42 8 38 38 
45 10 100 16 12 13 11 85 6 56 67 21 77 73 24 51 21 15 46 75 29 43 9 63 34 62 39 59 81 68 57 49 
97 42 66 5 26 48 48 61 92 94 10 51 82 18 3 83 38 42 1 21 54 24 68 73 59 81 38 2 39 57 42 33 
56 11 63 44 90 29 49 38 52 4 90 72 97 16 86 10 75 3 57 14 84 2 4 20 74 70 17 91 25 99 36 28 
76 36 45 98 82 69 11 9 98 36 73 54 44 100 69 48 29 52 43 55 93 60 31 72 8 61 10 33 96 1 17 15 
63 92 48 24 59 27 47 9 53 73 51 64 58 43 2 96 92 42 7 12 59 82 6 11 74 50 58 20 99 38 89 69 
67 4 43 21 90 48 23 8 24 92 4 96 93 29 89 89 68 22 87 73 88 86 56 100 63 67 39 4 100 14 7 68 
13 44 4 21 43 18 70 88 84 14 27 38 6 41 13 45 19 20 14 20 94 44 45 66 49 43 37 37 57 68 88 41 
72 94 47 42 32 46 17 68 42 7 75 2 50 97 4 44 75 66 77 15 50 96 80 23 40 65 21 23 60 52 66 82 
9 23 47 57 56 19 76 91 32 92 70 44 45 21 12 21 81 55 26 49 77 7 13 50 46 66 51 16 44 43 49 23 
67 26 20 58 92 3 16 62 67 74 42 83 63 44 47 69 72 74 7 29 1 68 22 5 19 79 6 3 80 91 43 65 
22 1 26 84 79 76 11 67 44 69 93 84 13 31 41 70 14 33 58 57 68 86 56 48 47 79 30 35 67 18 83 62 
49 33 28 25 72 20 82 99 67 47 51 55 49 39 80 96 92 79 89 17 76 62 81 12 2 76 72 98 59 92 5 60 
83 89 70 28 26 45 35 31 52 93 18 95 5 7 76 3 4 89 3 100 83 43 11 4 1 35 50 17 99 4 75 24 
44 43 55 94 6 65 16 59 75 59 12 38 12 75 43 60 70 80 94 48 34 62 13 41 90 47 91 58 25 7 70 27 
44 41 24 4 10 73 12 16 69 46 99 94 13 100 41 79 99 37 62 45 39 5 18 54 73 69 84 54 29 19 90 21 
42 97 23 93 20 49 27 92 19 64 98 11 64 24 23 55 57 80 32 52 3 43 84 43 95 24 30 39 49 13 91 19 
69 97 60 83 50 49 8 81 20 25 84 63 80 95 100 12 50 32 18 1 90 61 7 28 13 1 64 99 94 11 1 31 
84 44 36 32 6 79 9 62 77 59 25 23 48 26 58 25 16 15 33 80 94 33 92 11 24 23 30 25 85 3 7 30 
68 97 53 35 96 66 41 62 100 29 4 72 79 19 30 45 53 36 88 68 21 42 64 88 54 93 6 1 75 7 53 63 
1 46 77 91 6 19 44 90 99 61 92 75 52 52 54 87 53 75 28 36 20 43 37 34 94 44 66 25 48 80 50 94 
